0.262556
0.179705
0.052221
0.212375
-1.005188
0.758647
-0.176676
0.496498
-0.971499
-0.505939
0.114379
-0.371151
-0.916485
1.306514
0.411827
0.046471
0.497029
-0.305590
0.870281
0.046544
0.403816
0.695480
0.000403
0.092474
0.437698
0.861644
-0.292365
-0.436862
0.836395
1.003412
-1.070106
-0.148004
-0.044554
0.136394
-0.537545
0.425575
-0.005561
0.677795
-0.232696
1.161643
1.219985
0.989233
-0.615672
-0.916877
0.770409
0.913538
0.334586
0.222476
-0.827411
0.114049
-0.166669
0.506124
-0.229621
0.601973
-0.446126
-1.331581
0.486700
-0.047509
-0.390796
-0.034749
-0.047480
0.266961
-0.902612
-0.798586
-1.030404
-0.376208
0.644885
0.075503
-0.882088
-0.704818
-0.150610
-0.945851
-0.709083
0.494596
-0.846876
-1.063266
0.430783
0.427844
0.319902
0.536102
-0.250127
-1.021981
0.129022
0.248866
0.567878
0.718976
0.331107
0.093945
-0.220125
-0.753253
1.406003
1.108142
0.170901
-0.842593
-0.942114
0.352420
-0.301349
0.678693
-0.789350
-0.647188
1.143925
-0.575777
-0.093706
-0.661815
-0.754463
-0.092857
-0.994951
0.210463
-0.307716
0.880346
-0.186266
0.045607
0.872813
-0.727546
-0.579271
0.765193
-0.553407
1.128375
-0.490128
0.208942
-0.773208
-0.323405
-0.285953
0.548914
-0.761452
-0.197339
-0.530868
0.225499
-7.597181
-0.157778
-0.959231
-0.548592
0.846085
-0.119959
-0.266778
-0.854854
0.824893
0.151674
0.583243
-0.719248
0.076691
-0.400229
0.389572
0.013697
-0.031377
0.837151
-0.375555
-0.054688
0.817187
0.167697
0.822492
-0.846051
0.634340
-0.361431
0.609835
-0.744913
0.478478
-0.663800
0.463745
-0.957870
0.088122
0.605100
-0.452857
-0.045968
-0.491844
0.327694
0.191903
-0.576037
-0.391296
-0.254325
-0.302284
0.740402
0.390969
-0.848752
-0.217611
-0.666377
-0.856655
0.415474
0.347308
-0.990923
-0.412923
0.250164
-0.808636
-0.761796
0.946965
0.848042
-0.516718
0.456227
-0.778189
0.952390
0.500392
0.377316
0.590135
-0.846339
-0.600684
-0.896232
0.508698
0.535267
-0.542956
-0.909639
-0.677224
0.252887
0.749415
0.844684
0.445165
-0.426889
-0.780622
0.563412
-0.964795
0.659348
0.552750
-0.366853
-0.105544
0.850541
-0.130085
-0.109070
0.668880
0.345592
-0.536642
0.960875
0.298857
-0.903653
0.307973
-0.042529
-0.812871
0.733028
0.083426
0.717471
0.365148
0.576053
0.746550
0.650132
-0.156224
0.555465
0.469862
-0.630868
-0.726493
0.713846
-0.972796
-0.657176
0.371337
0.574537
0.068233
-0.661255
0.470303
-1.004241
0.390382
0.233867
0.365103
0.794528
0.141283
-0.228520
0.958351
-0.432399
0.779122
-0.782242
-0.749522
-9.226804
0.979742
0.912992
-0.147541
0.487231
0.143897
0.448269
0.165113
-0.017396
0.734077
0.339619
-0.353416
1.006896
0.973096
-1.224933
0.538581
0.344044
-0.398211
0.530268
0.162609
0.853305
-0.705479
-0.844972
0.407387
0.632319
0.770969
0.734130
-1.086633
0.118694
1.253386
-0.892910
-0.857572
0.943001
-0.800425
-0.232399
0.500520
0.375691
-0.775773
0.013412
-0.610503
-0.838963
-0.798403
0.189593
-0.864503
-0.506319
0.162580
1.239590
0.824485
1.130035
-0.856707
-0.901839
0.705209
0.585228
0.218445
0.347335
-0.361201
-0.161675
0.321048
-0.387180
0.402254
-0.131429
-0.307888
0.840351
0.044373
0.184039
-0.592857
-0.389716
-0.494499
-0.077476
0.510599
-0.106060
0.497556
-1.025836
-1.406649
0.673456
-0.480973
0.238382
-0.919797
-1.038273
-0.417252
0.581657
-0.436233
-0.331615
-0.283099
0.674188
-0.787615
0.341384
-1.308510
0.572667
-0.931268
0.876536
-0.258863
0.647443
0.580685
0.477081
-0.786732
-1.207143
-0.827827
-0.294111
-0.143642
0.755223
-0.911055
0.944819
0.816961
-1.035396
-0.081086
-1.109509
0.437506
0.367138
-1.190918
-0.943913
0.745560
-0.068290
0.042459
-0.763650
-0.880841
-0.172907
0.254376
-0.011776
-0.231075
0.387379
-0.375443
0.745965
-0.137096
-0.645190
0.424890
0.423489
-0.641331
0.316325
-8.844815
0.476227
0.808173
-0.704791
-0.116101
-0.301180
-0.413543
-1.002937
0.471511
0.814026
1.014269
0.504213
-0.934147
0.382547
-0.686280
0.400112
0.696117
0.107391
-0.013122
0.610754
0.975188
0.370623
0.305488
-0.478546
-0.140648
-0.984082
-0.507896
-1.341783
0.550951
0.253374
0.662332
-1.082047
-0.874019
-0.432518
-0.186897
0.419549
0.537468
0.459344
0.642958
-0.139378
0.713713
0.708950
-0.701260
0.724996
-0.146047
-0.083524
0.706215
-0.431324
-1.265363
-1.384224
0.792046
-1.059076
0.306599
-0.153834
-1.010324
-0.408238
0.137655
0.655924
-0.340182
-0.906677
-0.505661
-1.070201
-0.509924
0.128411
-0.190838
0.860747
-0.369215
-0.390444
0.006594
-0.952735
0.311703
-0.823966
0.668558
0.708351
-1.071754
-0.696759
0.144345
0.076912
0.076648
-0.577766
0.230663
-0.312486
-0.021988
-0.183246
0.744890
0.735742
0.437349
-0.127321
0.548635
-0.884885
0.516202
-1.056454
-0.771515
-0.830686
0.150523
-0.160904
0.381485
0.700856
0.938942
-0.331262
-0.579702
-0.291718
-0.124619
0.786077
-0.219102
-0.054432
-1.011118
1.004231
-1.151618
0.319541
-0.280345
-0.054594
-0.588143
0.565823
-0.503008
-1.012172
0.620222
0.955088
0.598206
-0.303271
-1.154235
-0.706859
-0.513067
-0.554765
-0.315452
0.624606
0.582712
-0.517110
0.705265
-9.128045
0.033315
1.168708
-0.948069
1.015365
0.632923
-0.021185
-0.401632
0.617525
-0.284401
-0.582883
0.260527
0.455120
-0.448069
1.038399
-0.112423
-0.149866
0.646930
-0.681445
-0.218809
-0.689874
0.113715
0.263678
-0.333620
0.619392
1.314628
0.535238
0.612492
0.332916
0.515426
0.637161
-0.422276
-0.663094
0.411353
-0.084947
-0.883615
-0.248564
0.857658
0.586497
-0.192310
-0.096981
1.026593
-0.815239
0.958383
-0.489772
0.769597
-0.474780
0.800000
0.656782
-0.043846
-0.269535
-0.320126
-0.773666
-1.360726
0.396601
-0.878532
0.892097
-0.249874
0.793273
0.101311
-0.669955
0.563361
1.207490
-0.155327
-0.193767
-0.473139
0.043404
0.920933
-0.329555
0.888203
-0.495951
0.322935
0.949489
-0.634890
0.713192
-0.306407
0.165485
-1.273284
-0.712926
-1.182436
0.528997
0.191494
-0.555488
0.840094
0.152606
0.756562
-1.046148
0.529618
-0.566237
0.852892
-0.688920
-0.089559
0.109739
-0.692363
0.959716
-0.775082
0.214483
0.620278
1.314140
0.829283
0.242835
-0.289217
0.415016
-0.515526
-0.184880
-0.128746
0.235522
1.137944
0.416241
0.847994
1.419288
-0.147145
-0.125836
-0.616055
-0.196951
-1.012930
-0.402244
-0.222738
0.555923
-0.142696
-0.020447
0.733409
0.652233
-0.933165
-1.066642
1.442701
-0.738430
0.201725
-0.324054
-9.905309
0.958679
1.480534
-0.507132
-0.355238
-0.040974
0.876368
0.382535
-1.187877
1.033539
0.063570
0.835881
0.699913
0.750812
-0.069651
-0.948854
-0.145363
-0.048635
-0.557582
0.613977
-0.433818
0.253820
-0.896904
-0.836484
0.212309
-0.727462
-0.508070
-0.193141
-0.342076
1.328674
1.093699
0.013013
-0.067649
0.404658
0.985860
0.498999
-0.980768
0.594875
0.108241
-0.902796
0.207869
-1.204015
-1.279412
0.010278
0.815590
-0.146596
-0.182009
-1.017897
-1.119069
0.570773
0.794478
-0.577040
-0.138190
-1.189009
-0.148278
0.991697
-0.521741
0.148875
0.809920
0.133986
-0.034739
-0.108097
-0.933478
0.832262
-0.494413
0.594556
0.387003
-0.572106
0.404685
-0.510308
-0.338405
-0.034873
-0.387066
-0.495077
0.577494
-0.690191
0.566030
-0.631013
-0.028992
0.936246
-0.889497
0.148367
-0.739972
-0.163239
0.041854
0.241474
-0.168591
0.575391
-0.821953
0.948567
-0.580169
0.404085
-0.437358
-0.069619
0.367877
0.673445
-0.368706
-0.333637
-1.443542
-0.706705
0.453558
-0.446111
0.104296
1.085667
0.489183
-0.166295
-0.437396
0.760125
0.785348
0.239252
-0.148456
1.066120
-0.833424
0.068393
-0.314130
0.271878
-0.290168
0.637443
-0.047289
0.052210
0.408814
0.720983
-0.766600
-0.434214
-0.509403
1.282309
-1.005935
0.581286
-0.331564
-7.891976
0.840037
-1.136284
-0.424134
0.211903
-1.211482
-0.643112
0.368211
-0.428936
0.693309
0.813519
0.964499
-0.695431
0.266378
-0.853975
0.425472
0.548302
0.731169
0.846450
0.746803
-0.389286
-0.272127
-0.158394
-0.092349
0.645404
0.916292
0.555202
0.236477
0.669185
-0.208844
0.820903
0.925629
-0.531707
-1.017815
-0.390416
0.537897
-0.779568
-0.125514
0.428424
-0.402832
-0.702384
0.101272
-0.376096
-0.072380
-0.877706
-0.008548
-0.787934
-1.087510
-0.664474
-1.307250
0.288294
0.866661
-0.192861
-0.120101
-0.899070
-0.636950
-0.451894
0.668826
0.449586
-0.894263
-0.970302
0.273790
1.267254
-0.047789
0.691031
-0.349120
-0.474681
0.714236
0.640809
0.752346
-0.605269
-0.999918
-0.212311
0.059428
1.003488
-0.093785
-1.313658
0.643213
0.083232
-0.727040
0.933950
-0.340965
-0.458044
-0.058188
0.455250
-0.172948
0.316558
0.942454
-0.414552
-0.049506
-1.088133
-0.323551
-0.224770
-0.919216
0.686949
-0.904703
-0.498660
-0.876470
-0.722130
-0.521028
-1.009853
-0.595893
-0.000674
-0.024748
0.615203
-0.699574
1.403309
0.999305
-1.095937
0.234194
-0.664822
-1.452474
0.531955
0.189994
0.031294
0.265294
-1.380803
-0.876485
0.130529
-0.617928
0.663374
0.380678
0.215124
0.953680
0.619772
-0.438555
-0.744618
-0.988716
-0.136424
-5.785285
-0.353241
-0.716019
0.547990
0.956197
0.683800
-0.497361
-1.008629
1.111790
-0.974535
-1.298459
-0.246079
-0.835813
-0.834828
-0.646520
-0.856745
0.087125
0.808582
-0.622663
0.556737
0.215299
-0.264224
0.199451
-0.507726
0.525945
-0.152801
0.714378
-0.985790
0.228960
-1.350053
-0.023791
0.837694
-0.003491
-0.691860
-0.522658
-0.271400
-0.847536
0.135150
-0.147969
-1.029417
0.661796
0.071170
-0.165536
-0.685936
0.202611
0.342849
-0.411683
-0.411915
0.641483
-0.317604
-0.768988
-1.009452
0.465067
0.187344
-0.250534
-0.126072
-0.761868
-0.468386
-0.122836
0.229960
0.022895
-0.825621
-0.530897
-0.988754
-0.214188
0.607680
-0.203449
-0.206699
-0.378258
0.637452
-0.004362
-0.719121
-0.286330
1.230773
-0.582110
1.946207
0.218327
0.108942
-0.554055
-0.947631
0.641834
-0.706984
-0.246550
-0.160577
0.670208
0.564151
0.678465
0.767600
-1.210273
-0.091990
0.644518
0.232091
0.197556
-0.646698
0.209862
-1.101473
-1.244303
-0.836017
0.605640
0.029567
1.218102
-0.981938
0.216970
-0.216027
-0.855946
0.759756
-0.713426
0.118732
0.050488
-0.251280
1.624997
-0.544546
0.717097
-0.353351
0.455517
0.425435
-1.435738
0.316907
0.569560
-0.266775
-0.438103
-0.484358
-0.752554
0.523338
-0.293129
0.601786
0.788738
0.197754
0.771356
-7.450134
1.037003
0.838284
0.094395
0.123446
-0.071054
0.453916
-0.149959
-0.544177
0.045945
0.959364
0.925690
-0.076047
-0.695495
0.501111
0.469896
1.059312
-0.053674
0.691694
0.545318
-0.572149
-0.683694
0.066448
-0.841819
-0.089414
-0.051244
0.453540
-0.991748
-0.517771
-0.450767
-1.859103
0.645901
-0.526727
0.781800
-0.043395
0.444756
-0.802272
-0.515463
-1.306181
0.122961
0.643576
-1.303904
0.057503
-0.739120
-0.566763
-0.297608
0.886452
-0.967152
0.975977
0.810142
0.185831
1.192149
-0.811687
-0.800935
-0.231158
-0.078183
0.312303
-0.749854
0.025268
0.642712
-0.657836
0.287601
0.027176
0.197877
0.253295
-1.002128
-0.302321
0.375513
-0.510025
-0.098217
-0.482837
-1.150281
0.106986
0.904284
-0.630386
0.927450
-0.701678
-1.062536
0.969221
-0.947457
0.752495
0.329711
-0.851863
0.945038
0.596925
-0.170166
-0.135339
-0.221991
0.107582
-0.881483
-0.459073
0.679628
0.662776
0.494589
0.012544
-0.826450
1.172094
0.636148
-1.187911
-0.630135
-0.173529
-0.097593
-0.469581
-1.846658
-0.368112
-0.077087
0.892516
0.351641
0.258058
0.732949
0.487834
0.152874
-0.196703
0.773604
-0.039381
-0.476754
-0.726888
0.793440
0.202295
0.642618
-1.394347
0.569772
0.426095
0.511168
0.169398
-0.578995
-0.669395
-0.386246
-0.797188
-7.003341
0.742574
-0.141938
0.652479
0.746196
0.196589
-0.702335
-0.242481
-0.274683
0.885022
1.194672
-0.461117
0.420555
-0.106419
0.945400
0.052847
0.936629
-0.860370
0.545557
0.986331
0.483992
0.378885
1.016943
0.618250
0.423190
0.607935
-0.733085
0.844272
0.676768
0.190155
0.732055
-0.496549
-0.926817
-0.276410
-0.942056
-0.822165
0.980045
-0.549405
0.067809
-0.199726
-1.211170
0.356685
0.386314
0.492717
0.800976
0.024773
-0.388317
0.623025
-0.045798
-0.437951
0.513223
0.409557
0.939550
0.056333
-1.034690
-0.098959
-0.516353
-1.050451
-0.658089
-0.645868
0.758817
-0.818132
-0.030090
-0.656252
0.066415
-0.227531
-0.416432
-0.209955
0.199168
0.891456
0.778956
0.878977
-0.529283
0.407608
-0.093142
-0.411750
-0.407267
0.918821
-0.779838
1.161476
-0.942076
0.849114
-0.218995
-1.031490
0.015465
0.104137
-0.129255
0.759477
0.783146
0.307756
-0.928728
0.598990
0.120771
0.092301
0.878761
-0.106216
-0.990700
-0.415019
0.903442
0.404979
-1.097264
0.877286
-0.071471
-0.946302
-0.393359
-0.965186
0.216676
0.337053
1.052853
0.750190
0.146414
1.188843
0.242584
-0.925412
-0.962805
-0.659001
0.131936
0.056818
-0.931271
0.038475
-0.825710
-0.697644
-0.208946
0.935662
0.335748
-0.573161
-0.421112
0.602698
0.059079
-12.313926
-0.140164
0.275969
1.289983
0.920940
-1.228727
-0.101831
-1.021720
0.551384
-0.767138
1.312273
-0.052324
0.605215
0.865963
-0.700939
0.750387
1.159626
-0.147700
0.075163
-0.296633
-0.049054
-0.848287
0.350645
0.586929
-0.263853
-0.040835
-0.411183
0.564314
0.940707
-0.910037
-1.083840
-0.750561
0.310356
0.958181
-0.705287
0.199860
0.897594
0.106900
0.589304
0.408686
0.748108
0.396634
-0.718639
0.194055
0.114845
-0.356607
-0.254901
-0.096244
0.842112
-1.291257
0.702052
-0.799743
-0.906301
0.278098
0.820673
-0.085645
-1.001142
-0.518276
-0.570623
-0.551620
-0.343337
-0.254748
-0.300449
0.776856
-0.285874
0.195159
0.000556
-0.486864
-0.662677
-1.017974
-0.929161
-1.139323
0.568343
-0.849002
-0.009816
-0.131224
0.014468
-0.569553
0.710013
-0.787254
-0.741564
0.724908
-0.266195
-0.593719
-0.194788
-0.811125
0.315445
0.639432
-0.045245
0.624116
1.097153
0.087276
-0.441053
-0.198233
-0.055773
0.405388
1.226692
0.799764
0.797763
-0.544417
-1.275984
-1.155592
-0.444875
0.774385
-0.534173
0.731156
-0.540692
0.138615
-1.035949
-0.928616
-1.245176
-0.691467
0.801783
-0.136706
-0.286750
-0.428570
-0.405224
-0.484283
-1.012175
0.709166
1.027739
-0.957718
0.249294
-1.181685
-0.111622
0.524592
0.392801
-0.199242
0.582525
-4.370978
0.616491
0.280431
0.530953
1.097978
0.959714
0.736939
0.826997
-1.318270
0.802538
0.634853
-0.869952
-0.147274
0.782968
-1.403165
-0.596881
-0.124599
-0.084733
0.221294
-0.102250
-0.301734
0.623163
-0.759333
0.414106
-1.274228
-0.519969
-1.053366
1.167595
-1.067969
-0.422188
1.093143
0.436077
-0.551781
0.356435
-0.350988
-0.810711
-0.157351
-0.497397
0.985066
-0.102138
1.093174
1.309101
0.265951
0.530168
0.467983
0.169935
0.821212
-1.216207
-0.688848
0.016637
-0.017711
-0.330599
0.303463
0.298812
-0.656415
0.116608
0.918644
-1.116963
-0.102134
1.121235
0.328331
-0.478973
-0.072952
0.597187
0.870452
0.805024
0.882948
0.071837
-1.119456
0.704403
0.687208
-0.307877
0.369440
-0.214533
-0.974380
-0.293847
-1.343326
1.143972
-0.097487
-0.636656
0.476206
0.979139
0.235727
-0.574983
-0.045553
0.312472
0.543066
-0.076340
0.669197
-0.426655
-0.521194
-0.247218
0.344494
0.950159
-0.625091
-0.173471
1.173865
-0.661712
1.102181
-0.765357
-0.711613
0.642886
-0.094103
0.920101
-0.554188
-0.246953
-0.401122
-0.203940
-0.073154
0.574411
0.426041
-0.346418
0.494934
-0.456918
-0.079722
-0.816468
-1.514219
-0.402673
0.080261
0.982319
0.182086
0.665086
-0.509991
-0.986916
0.286493
-0.097657
0.386522
0.621622
0.239253
-11.856309
0.985323
0.293345
-0.017292
-0.429172
0.147887
0.725531
0.685998
0.450422
0.407119
-0.577097
-0.468138
-1.016803
-0.189652
0.995996
-0.316089
0.818165
0.805450
-0.288359
-0.717077
-0.339320
-0.788141
0.260657
-1.308960
0.207130
1.381419
-1.110493
-1.262109
0.369444
0.365881
0.584686
-0.595565
0.547515
-0.250997
0.645718
-0.786275
1.052863
0.557574
0.127401
0.046840
-0.427284
-0.179231
0.813051
-0.577166
0.054672
0.335277
-0.167657
-0.529497
0.374794
1.115498
-0.040439
0.743357
-0.963139
-0.359508
-0.532530
0.565995
-0.645663
-1.134944
0.510383
1.026293
0.972241
0.309111
-0.526804
0.370691
-0.928121
-0.580412
0.622445
1.223386
-1.205935
0.229508
0.056202
-0.738821
0.710929
-0.006724
0.037565
-0.045678
-0.434864
-0.619754
0.579058
0.184987
-0.988344
-0.069359
0.070793
-0.528767
0.386628
0.314403
-0.965648
-0.706841
0.686198
0.705109
-0.921120
0.130083
-0.080531
-0.211547
-0.101771
-0.466159
0.915861
-0.711603
0.193020
0.643341
0.678841
-0.667501
-0.705263
0.849799
-0.058154
0.142295
-0.706524
-0.375095
0.436015
-1.046298
-0.673911
0.438688
-0.206789
0.305177
0.852362
-0.914549
-0.634193
1.262792
-1.033571
-0.708130
1.246812
-0.788975
0.346573
-0.388681
0.273041
-0.452734
0.537272
-0.298306
0.145309
-4.535318
-1.155634
0.459972
-0.899435
-0.413941
-0.653612
0.271387
0.318392
0.507009
-0.630125
-0.177660
0.339783
-0.647411
-0.842498
-0.340927
0.869975
0.831732
-0.671927
-0.533944
1.267213
0.091866
-0.376526
0.617553
0.665361
-0.292630
-0.944160
-0.818810
0.435888
0.685098
-0.473182
0.115532
-1.124492
0.098297
0.851407
0.148840
0.290059
-0.519398
-0.938550
-0.295591
0.762956
-1.006423
0.237713
0.501806
-0.139844
0.662174
0.435037
-0.341013
1.100919
-1.378783
0.798916
0.774958
-0.494978
-0.756952
-0.129891
-1.293620
0.033275
0.505361
-0.327391
-0.661285
-0.087658
0.256941
0.419258
-0.179376
-0.615731
-0.104107
0.483245
0.684958
0.284376
0.919462
-0.303021
0.295295
-0.917863
-0.893759
0.179269
-0.020891
1.224320
-1.349382
0.604125
0.389313
-1.446177
0.078504
0.086395
-0.094321
0.358000
-0.950452
0.053470
-0.605670
0.498245
0.070682
-0.126975
-0.964610
-0.094293
-0.986363
0.528271
-0.186644
-0.104985
0.445192
-0.147182
-0.639553
0.307416
0.840165
1.078401
0.558162
0.511639
-0.658033
-0.427427
-0.252295
-0.835683
-0.931235
-0.352396
-0.340419
0.548286
0.647941
0.259763
-0.114873
0.874068
-0.678355
0.209432
-0.109760
0.814537
-0.880850
0.101193
-1.139248
-0.765110
-0.357464
1.626948
0.135457
-0.412666
-0.169897
-5.212107
0.466333
-0.902609
0.061496
0.169785
1.090851
0.530738
0.893976
-0.239714
1.018902
-0.909375
0.530925
-0.510606
0.690856
0.548942
0.502568
-0.378142
-0.096909
0.791061
1.233763
0.864378
0.481156
-0.762049
0.267278
-0.643118
-0.562429
-0.835751
-0.635223
0.515203
-0.392964
0.238490
-0.028662
-1.073753
0.863396
-0.437659
0.443774
0.237309
-0.959013
0.285294
-0.790581
1.032105
0.962294
0.970716
-0.813231
0.216229
0.018361
1.155728
1.083289
0.795174
0.863791
0.691718
0.929630
0.042714
-0.855426
-0.206756
0.950247
-0.401456
0.263867
-0.759182
-1.256365
0.776114
0.741267
0.212594
-0.781156
0.344732
0.651304
0.725484
-0.400045
0.547237
-0.083598
-0.112115
0.431267
-0.307662
-0.064166
1.017937
-1.324738
1.364136
0.836675
-0.989792
0.880987
0.240288
0.884646
0.634515
-0.335432
-1.133658
-0.153435
-0.370527
-0.281557
-0.963620
0.058149
-0.438720
-0.947247
-0.179628
0.662583
-0.858431
-1.166305
0.206345
-0.890981
0.064686
0.106677
0.646982
1.122702
-0.788883
0.647298
-0.419021
-0.465933
-1.471339
-0.354523
-1.149203
-0.838913
-0.970728
0.297393
-0.937937
-1.013008
-0.765703
-1.134565
-0.014510
-0.125931
-0.561359
0.152604
-1.141482
0.030984
0.272585
-0.082083
-0.646983
1.037220
0.109508
-1.053762
-0.936987
-7.206891
0.063939
0.768047
0.366438
0.834383
0.856850
-0.454937
-0.598658
0.339253
-0.248566
-0.607367
0.529448
0.695679
-0.919970
0.522961
0.450905
-0.409285
0.580154
-0.810037
0.751521
-1.564683
0.549019
0.369565
0.177132
0.303535
-0.841832
0.642752
-0.192066
0.486825
0.227821
-0.072016
0.848749
0.120562
-0.127264
0.564117
-0.399568
0.821895
-0.980152
-0.331351
0.371053
0.597571
0.657610
0.036827
-0.381808
0.656881
-0.464662
-0.750808
-1.612814
-1.074903
-0.900825
0.520793
-1.129269
-1.015605
0.048026
0.221700
0.189580
0.160692
0.216813
-0.789373
-0.538070
0.349499
0.138032
-0.894843
0.857407
0.854085
0.365660
-0.509385
0.887385
1.039038
0.734085
0.206250
-0.225675
0.051873
-1.324096
0.513429
-0.097938
-0.155794
0.602066
-0.207838
-0.511704
-0.860393
-0.831909
0.169356
-0.725979
-0.004815
-0.420736
0.434307
-0.645462
0.838899
0.648921
-0.603130
-0.519692
-0.143781
-0.022346
-0.391526
-0.228753
-0.462552
-0.097098
-0.495214
-0.590707
-0.518886
0.529533
0.691403
0.725924
-0.920554
0.007602
-0.946651
-0.664156
-0.598003
0.488386
0.313933
-0.688210
0.215598
-0.127243
0.140018
-0.629598
1.012309
-0.050434
-0.736824
0.315730
-0.704905
0.223895
-1.394949
0.261347
-0.919092
-0.004425
-0.889275
-0.276839
0.864304
-4.465194
0.482638
-0.790192
-0.600848
-0.332901
-1.264262
-0.325677
1.596419
-0.363645
0.187475
-0.890931
0.831218
-0.255911
0.438025
-0.010863
-0.929263
-0.756211
0.648240
0.916498
0.349028
-0.765402
-0.024300
0.605178
0.574245
0.027725
-0.466631
0.620098
0.343116
-0.091787
-0.678958
0.818032
0.953945
1.194471
-0.896932
-0.437916
-0.214676
-0.694586
0.170473
-0.288443
-0.113739
-0.553085
0.672600
-0.304847
0.758781
-0.202008
-0.930144
1.311164
-0.034884
0.739214
0.798898
-0.128422
0.643836
-0.987896
-0.734136
-0.484908
0.351300
-0.046165
-0.176857
0.003695
0.619117
0.397272
-0.691577
0.818512
0.073150
-0.139965
-0.960674
0.891239
0.367577
0.166935
-0.243062
-0.819009
1.155259
0.969085
-0.104516
0.221260
-0.141763
-0.291692
0.356540
-0.757283
-0.563180
-0.240617
-0.273030
-0.334156
0.136968
0.143034
0.805230
-0.521592
-1.065500
-0.075179
0.589297
-0.810204
0.978520
-0.672503
0.685457
-0.248341
0.100917
0.130662
-0.478666
-0.439222
0.140316
0.687475
-0.694662
-1.151198
0.307136
0.628455
0.917593
-1.580851
-0.133938
-0.283650
-0.666921
0.430069
-1.313666
0.312218
-0.645061
0.218355
-0.628143
-0.746625
0.487611
-0.584402
-0.282037
-0.102888
-0.523853
-0.377658
0.620782
-0.716044
-0.095788
-0.212839
1.210477
0.755525
-4.500731
-0.499285
0.533546
1.013128
0.454935
-0.797194
0.380295
-0.127729
-0.380525
-1.200585
-0.889874
-0.304849
0.921171
-0.584862
0.774471
-0.757905
0.790784
-0.809058
-0.681391
0.165116
-0.260722
0.192383
-0.345961
0.453336
0.449231
-0.833227
0.194975
-0.069750
0.159586
0.030218
-0.043127
-1.015115
1.186517
1.147504
-0.702044
0.022110
0.806063
0.518813
-1.072148
-0.803415
1.077451
-0.755336
0.263496
0.714596
0.021276
0.015815
1.552134
0.097608
0.808122
-0.130864
-0.829088
-1.463276
0.523736
0.067413
0.632629
0.264394
0.647683
-0.260033
-1.339648
-0.553344
0.880584
0.160968
-0.104481
0.688848
-0.816442
-0.275140
-0.243343
-0.941437
-0.137796
0.105070
-0.551592
-0.639932
0.513988
0.859333
-0.881085
-0.541855
-0.739054
-0.903799
0.334701
0.599516
-0.402599
-0.036500
-0.967610
-0.741441
-0.578186
0.359072
0.530767
0.659569
1.082528
0.558809
-0.974908
0.818589
-0.741817
0.139498
0.243330
-0.968865
-1.166252
-0.689223
-0.417143
-0.210227
0.278649
-0.167323
0.382004
-0.557962
-0.368722
0.591532
0.254652
-0.024170
0.584128
-0.348046
-0.389176
-1.051276
-0.570808
0.178329
-0.262999
-0.421585
-0.698471
-0.741272
-0.734104
-0.474848
1.414080
-0.386377
-1.003182
-0.882748
0.379230
1.066001
-0.593272
1.269844
0.942710
-5.345817
-0.189138
0.168494
0.617427
-0.555648
0.489988
-0.579071
1.079319
0.187369
0.667657
0.353232
0.877466
0.054740
-0.933296
-0.826953
0.933831
0.287496
-0.716980
-0.425436
-0.038201
0.203117
0.380025
-0.392106
0.920942
0.480797
0.027840
0.659935
-0.314295
0.614027
0.621499
0.262132
-0.690493
-0.752079
-0.436121
-0.664819
-0.257938
-1.037705
-0.137384
-0.632090
0.238707
-0.051871
-1.297435
0.648040
0.256188
-1.036664
0.348334
0.507859
0.407226
-1.220943
1.216015
-0.613217
0.424859
-0.888759
0.804608
0.193897
-0.842699
-0.605623
-0.127691
0.187193
-0.620824
-0.519307
-0.772934
0.002542
-0.353318
-0.352585
0.509407
0.409822
-0.500493
-0.373600
-0.994632
-0.860509
0.227872
-0.482693
0.497799
-0.676807
0.188729
-0.034275
0.616235
-0.551816
-0.357144
0.299642
0.207336
-0.874718
-0.897589
-0.170185
0.118203
-0.741453
0.589416
0.820452
0.545259
-0.959839
-1.158737
1.227120
0.437718
-0.384978
-0.601361
-0.244622
-1.019081
0.126884
0.566041
-0.315935
0.421379
-0.114173
-0.251470
0.058630
0.036884
0.816666
1.138312
-0.414413
-0.983893
-0.374578
0.944361
0.291690
-0.302688
-0.925452
-1.172195
1.375062
-0.549147
0.624162
0.698996
0.550989
-0.965211
0.962124
0.860696
0.478666
-0.763911
-0.556473
-0.497565
-0.512919
-2.922078
-0.594684
-0.659453
0.633032
-0.060855
0.618620
-0.694726
-0.998596
-0.787682
-1.382759
-0.445640
0.033540
-0.544645
-0.524882
-0.886733
0.300048
-0.542971
-0.744185
0.179044
0.614169
-0.865352
-0.171441
-0.213470
-1.481396
-0.414103
-0.072777
0.578501
0.581166
0.250200
-0.717584
1.142435
0.535091
-0.564146
-0.727862
-0.530440
0.526610
0.612755
-0.176335
0.615662
-0.044567
-0.330859
-0.730507
0.536900
0.456633
-0.199352
0.970518
-0.742105
-0.030843
-0.424776
-1.350084
-0.569582
-0.562787
0.190944
0.635082
-0.396809
0.766053
-0.952371
-1.174424
0.041561
0.446310
-0.206219
-0.424257
-0.608988
0.211258
0.055256
-0.031313
-0.240149
-0.404620
-1.238834
-0.810811
0.381036
-0.025730
-0.521832
-0.027745
-0.657372
0.195552
0.103018
-0.010717
-0.176119
0.629173
0.170480
0.834406
0.746510
-0.809567
-0.233517
-0.685402
0.961856
0.073629
-0.087410
-0.065646
-0.148313
0.312839
0.367820
0.324812
-0.574713
-0.505248
-0.597420
0.237526
-0.161560
-0.467255
0.800181
-0.336262
0.529239
-1.459617
0.873703
0.915816
0.495000
0.180738
0.583449
-1.289192
-1.007329
-0.348333
0.535856
-0.813126
-0.459827
-0.716327
-0.079769
-0.269351
0.909234
0.133779
1.053843
-0.829220
-0.569352
0.127301
0.038159
-0.019286
0.802076
-1.790597
0.923662
-2.480241
-0.465632
1.263840
-0.814644
-1.018101
0.237228
-0.994103
-1.225819
-0.211192
0.148902
0.061839
0.103791
0.687384
0.496369
-0.549324
0.666142
-1.479888
0.036737
-0.701664
-0.244849
-0.489177
0.231171
-1.244527
-0.714915
0.816854
0.113331
-1.057208
-0.973233
0.009893
-1.083900
-0.565937
-0.764319
-0.298536
0.952775
-0.712469
-0.082941
0.283477
-0.619660
-0.215550
-0.770053
0.417815
-1.053246
0.315437
0.035622
0.740202
-0.880018
-0.746382
1.036941
-0.200935
0.095849
-0.797993
0.253458
-1.053416
-0.361138
-0.698713
-0.846348
0.715724
-0.321232
-0.566446
-0.297849
-0.429157
0.048014
0.139857
0.723251
-0.009674
0.911549
-0.332011
-0.603826
1.131082
1.010005
-0.281113
0.255340
0.897183
-1.271138
-0.762556
0.741239
-0.547594
0.411116
0.550972
0.595076
-0.745756
1.143121
0.467005
-0.345971
-0.482058
-0.981566
-0.192779
-1.075571
-0.324006
0.472385
0.037119
0.644617
-0.545505
-0.834448
0.604201
0.274851
0.701832
-0.811697
1.382058
0.478745
1.251599
-0.533389
0.090726
0.795034
-0.100739
0.583810
0.609769
0.848543
-0.468785
0.241051
0.084253
-0.205599
-0.055347
-0.569209
0.846614
0.736907
-0.429256
-0.353178
1.032248
0.290886
-0.921120
-0.107415
-0.131137
-0.261707
-0.074711
-0.520087
-0.721813
-0.150893
-0.426352
-3.883779
-0.816303
-0.916272
0.314154
0.313003
-0.822781
0.860960
0.188329
0.487221
0.563756
0.837371
-0.360477
-0.750620
0.037232
0.502758
-0.410286
-0.408338
0.278243
0.047160
0.597960
0.094194
-0.658354
1.000183
0.989982
0.632905
-0.508831
-0.221951
0.999763
-0.194390
0.579480
-0.678825
0.101517
1.104509
0.021564
-0.979870
0.384782
0.125531
-1.038485
-0.046024
-0.193132
0.196370
-0.769048
0.752702
0.403863
0.455363
0.207074
-1.131422
-0.251480
-0.619190
0.065980
-1.177580
0.788385
0.569986
0.920122
0.567144
0.124390
-0.650118
-0.556922
0.326876
0.228930
-0.846574
0.582289
-0.987159
-0.979875
-0.327482
-0.447842
0.450847
1.143786
-0.241921
1.348831
-0.290284
1.073183
-0.991739
-1.097722
0.017655
1.001507
0.831392
-0.118359
-0.736679
-0.609315
-0.636368
-0.576828
0.560623
-0.994176
-0.858687
0.068615
0.129760
-0.230397
0.370225
-0.762594
-1.024748
0.754284
1.233146
-0.507632
0.495014
-0.328781
-0.074619
-0.132620
-0.711270
0.457622
0.212803
0.136711
0.373208
0.093610
0.482857
-0.464939
0.296224
0.264282
0.694627
0.239961
-0.159324
-0.974888
0.785363
-0.260907
-0.727596
1.293616
0.828489
0.732244
-0.583215
0.298928
0.162568
-0.251597
-0.018005
0.613693
0.063508
-0.781786
-0.782715
-0.929543
0.144656
-6.910736
0.715473
-0.894924
-1.389217
0.014993
0.248269
0.510688
1.267784
-0.707929
-0.725160
0.841458
0.586598
0.850633
0.800798
0.557687
-0.311212
-1.100714
0.261981
-0.536360
0.796406
0.957733
1.126864
0.130144
-0.286837
-0.091138
-0.196531
1.012798
0.052901
0.153037
-0.665172
-0.986904
0.791396
-1.409486
-0.791817
1.045336
0.319890
0.523664
0.643499
0.818092
0.980739
-0.854639
0.243449
0.543175
-0.861456
-0.334148
-0.390383
0.027046
-0.297377
-1.325388
1.207685
-0.635399
-0.542358
0.716750
0.507994
-0.254850
-0.803014
-0.289767
-0.266283
0.150081
0.804808
0.082898
-0.237130
0.900973
0.082069
0.556185
0.909076
-0.575066
-0.064792
0.068527
0.623237
-0.180192
0.836287
-0.549619
-0.990985
0.463076
0.429643
0.112311
-0.292194
-0.964591
0.301454
-0.909403
-0.521681
0.123133
0.586947
-0.871317
0.868675
0.773375
-0.180777
-1.027706
-0.138385
-0.491340
0.727217
-1.174670
-0.531549
-0.506437
0.939941
-0.867327
0.084836
-0.723180
0.921744
-0.515064
0.744786
0.141320
0.190022
-0.926348
-0.241891
-0.933889
0.119591
0.194403
-0.734318
-0.688149
0.784664
-0.389011
0.475248
0.147103
-0.345733
0.515293
-0.122854
1.307138
-0.919758
0.893801
-0.363629
0.672300
-0.771723
0.036080
-0.743056
-0.864987
0.599616
0.332984
-7.065089
-0.228793
-1.112570
0.241307
0.953666
-0.297397
-0.023401
-0.107212
1.072571
-1.211236
-0.627725
-0.916481
-0.324599
0.616321
0.320626
-0.937952
-0.309183
-1.257379
0.838337
0.428814
1.211493
0.755421
0.400847
-0.462374
0.299817
-1.071514
0.578610
0.661657
-0.800747
0.287707
-0.484503
0.422344
0.441526
0.106760
-0.845595
0.645010
-0.670782
0.224462
-0.481344
-0.942889
0.630624
-0.605215
-1.304142
-0.977048
-0.824558
0.189846
-1.117541
-0.349063
0.194473
1.002356
-0.649949
-0.151083
0.699189
-0.581611
0.274029
-0.388697
-1.079982
0.358430
-0.549527
0.014097
-0.819016
-0.095159
-0.814511
0.829182
-0.675104
-0.659846
0.499884
-0.415926
0.743878
0.564474
-0.232640
0.133667
-0.513046
-0.154868
0.109872
0.004129
-1.060443
0.388008
0.654155
0.763033
-0.025533
-0.353303
-0.347319
-0.711250
0.097666
-0.695374
-0.104262
0.480451
0.337988
0.157296
-0.664554
0.587420
-0.823497
-0.426515
0.526528
-0.001070
-0.163264
-0.307781
0.269266
-0.419947
0.347351
-0.939441
0.872557
0.584910
0.229093
-0.018978
-1.015790
0.566410
-0.523423
1.023604
0.506873
0.523666
-0.948471
0.543190
0.700990
0.177216
1.125602
-0.222292
-0.387925
0.637322
0.667384
0.367571
0.964450
-1.587319
1.447468
-0.085247
-0.129008
-0.327230
-0.924081
-4.519218
0.160781
-0.218574
-0.161164
0.398291
-0.297902
0.754447
-0.604682
-0.476806
0.590850
-0.539042
-0.441688
-0.771162
-0.882864
-0.027475
0.656191
1.087329
-0.932446
0.971635
-0.798615
-0.248177
0.190471
-0.982854
-1.338040
-0.323402
-0.614862
-0.949677
0.710807
0.321698
-0.466132
1.025596
1.551964
-0.243232
-0.045130
-0.703501
0.764058
0.504038
-0.919651
-1.452324
-0.613999
0.528064
-0.180308
0.039816
0.423326
0.133473
0.844055
-0.040992
0.513631
-0.675567
0.088110
0.507277
-0.330871
-0.638655
0.834396
0.062371
-0.096605
-1.092333
0.169281
-0.497538
0.585630
-0.688784
-0.353820
-0.038922
-0.303776
0.589529
0.855321
-0.482070
0.268136
1.133287
-0.379317
0.591064
0.071646
0.703788
-0.495326
-0.484300
-0.189789
-0.893936
0.612508
0.890606
-0.513360
-0.562772
0.596610
0.547538
-0.406345
-0.019843
-0.172879
0.501034
0.527740
-1.336853
-0.762892
0.038828
-0.509618
0.361605
-0.519589
0.086699
-0.326651
-1.068802
1.180127
0.881452
0.730811
-1.272149
0.184082
-0.082384
-0.711484
0.928470
0.429256
0.212004
-0.672326
0.141171
-0.436627
0.101031
0.753536
-0.889793
-0.380766
-0.724498
0.566250
0.826430
0.788452
0.086883
0.664115
-1.157404
-0.700741
-0.826809
-0.097820
-0.128892
0.001938
0.231646
0.014798
-0.140451
-7.540710
-0.541478
0.524620
-1.068212
0.687822
0.509037
-0.947446
-0.037292
-0.613329
-0.989933
-0.542898
0.419339
0.448565
0.942300
1.056980
-0.786419
-0.842649
0.312822
0.813292
-1.260173
-0.607267
0.606674
-0.867545
-0.726459
0.448908
0.349208
0.884421
0.097614
-0.731830
-0.118395
0.571382
-0.148416
0.213655
0.150676
0.262268
0.013496
-0.693107
0.419791
-0.423220
-0.112742
1.301304
-0.637327
-0.583618
0.529690
-0.456334
-0.795733
1.202511
-0.470354
0.847596
0.100444
-0.463667
-0.570222
0.296614
0.055467
-0.029505
-0.525544
-1.392912
-0.022658
0.534445
-0.617969
0.416871
0.387951
0.532485
-0.240866
-0.988160
0.434382
0.787285
-0.745303
-0.844354
-1.111463
0.361800
-1.054316
-0.451535
0.897956
1.167886
0.230928
-0.940310
0.311300
0.894425
0.886397
-0.011286
-0.180270
-0.985161
0.902551
0.777267
0.271011
-0.641738
0.835048
-1.302714
0.630090
-0.313644
0.345440
-0.338063
0.594852
-0.632594
-0.019035
-0.569969
-0.961879
-0.250718
-0.188927
-0.736602
-0.522713
-0.066912
-0.169095
-0.663046
-0.378446
1.063259
-0.176277
-0.830380
0.846980
-1.356281
0.304988
-0.299806
-0.950972
0.096175
-0.663367
0.775192
0.271320
-0.978748
0.456601
-0.084059
-0.749401
0.417779
0.652211
0.755895
0.212974
-0.641953
-1.444259
0.500461
-2.721747
-0.440254
0.377502
-1.661387
0.791776
-0.924959
-0.750639
-0.487090
-1.534643
-0.824335
-0.700373
-1.046909
-0.668990
0.796269
-0.379537
-0.260969
-0.057252
-0.177172
-1.004634
-0.897979
-0.018692
0.693428
1.078299
0.530032
-0.302696
0.125133
-0.035837
0.896920
0.605384
0.308287
0.880903
-0.169945
-1.381720
0.169482
0.080893
-0.911750
0.441885
0.524615
-0.087982
0.727406
-1.076504
0.444184
0.760191
-0.231291
0.168289
-0.651051
0.639893
-1.150927
-0.163865
0.847411
-0.262918
-0.876167
0.085600
-0.890751
0.417860
0.719654
0.293857
-1.055512
0.380441
-0.076709
1.028059
-0.006334
-1.031322
-0.720181
-0.605719
0.223849
-0.591702
0.654990
0.045813
0.234280
0.708198
-0.188416
-0.594898
0.857820
0.581097
0.680892
1.108595
0.333314
0.776920
0.015584
-0.188646
-0.419216
0.524819
-1.052047
-0.462804
0.103706
0.668854
-0.884819
0.877149
0.384940
-0.466049
0.557260
-0.166987
0.398083
-0.974324
0.004896
-0.407441
-0.597047
0.286169
0.644043
0.709685
-0.587559
-0.376457
0.964412
-0.824403
-0.584259
0.219284
-0.589584
1.013108
0.376830
1.094165
-0.475852
0.968473
0.209823
-0.354887
-0.602468
-0.083324
-0.522121
-0.699018
-0.717331
1.118777
0.665216
0.890623
-0.564909
-0.086496
0.720706
0.490210
1.059763
-0.699292
-8.252289
0.546876
0.791072
-0.226025
-1.258514
0.613082
0.723781
-0.202888
0.509786
-1.047448
-0.297917
-0.133127
0.815359
0.185210
-0.451233
0.070142
0.972803
0.278073
0.299452
-1.493528
0.857740
0.820547
-0.797320
0.822317
0.595835
-0.361757
-0.232129
0.735661
-0.884068
-0.622681
1.469353
-0.415174
-0.811959
0.944903
-0.911102
-0.378252
0.813660
0.875981
0.889905
0.101825
-1.267154
-0.886894
-0.906041
0.857939
0.257867
-0.155460
-0.162186
0.176762
-1.333363
-0.552050
0.369312
-0.866707
-1.012969
0.495647
0.798382
0.944132
-1.125688
-0.585121
0.763200
-0.635557
0.177809
0.970874
0.498667
0.437477
0.437486
-0.053795
-0.879416
-0.011959
0.088130
0.752815
-0.732446
0.159416
0.618170
-0.525376
-0.034977
-0.173349
0.277874
1.292036
-0.801411
0.424675
-0.538252
0.552354
0.540402
-0.270891
0.162794
0.333054
-0.319207
-0.188655
1.103017
-0.735805
0.672105
-0.142540
1.186664
-0.271085
-0.697716
0.415001
0.871789
-0.706667
-0.174925
-0.123761
-1.533413
-0.865252
0.927901
0.597319
0.097661
-0.081204
0.048528
-1.060506
-0.277205
-0.076993
1.088713
0.269131
-0.918469
0.375715
-0.806750
0.775843
-0.578112
0.168287
-0.412587
-0.500193
-0.288140
-0.415855
0.400232
0.068371
0.111395
0.968776
-0.636893
-0.484641
-0.967521
-6.166134
0.835246
-0.978035
0.871441
1.135716
1.391050
-0.327227
-0.140260
-0.506747
0.056422
0.309273
0.142825
-0.234759
0.073306
0.009064
-0.729720
0.499621
0.224407
-0.113508
-0.715248
-0.730351
0.306657
0.654271
-0.420474
-0.136117
-0.393168
1.248919
-0.733831
-0.105287
0.142597
-0.375517
1.199697
-0.176103
0.071297
1.052251
-0.433198
-0.626901
-0.853227
0.754801
-0.301071
-0.109492
-0.361023
-0.783139
-0.807456
-0.737732
0.595936
-0.561161
0.461559
0.039030
0.093434
1.023250
0.196098
0.338222
0.317505
0.859066
0.881325
1.107007
0.636942
-0.770690
-0.192470
-1.016775
0.122221
-0.775837
0.159115
0.677642
-1.071369
0.795132
-0.868697
-0.423650
-0.252845
-0.145423
1.035122
-0.664218
-0.058317
1.145207
-0.500461
-0.249828
-1.431474
-0.710399
0.562879
0.809123
-1.131302
-0.560182
-0.156680
0.526604
-0.815028
-0.274739
0.309107
0.829770
0.142843
-0.327801
-1.061680
-1.012672
0.042633
-0.165700
1.097033
-0.156325
-0.071168
1.200921
0.507612
-0.151218
-0.840700
0.261067
-0.188703
0.852302
0.007856
0.557061
-0.681054
0.255260
0.583599
1.238439
0.173909
0.999490
-0.654824
-0.809315
0.766537
-0.169526
-0.728476
0.064949
-0.649846
-1.214241
0.356069
-1.182943
-0.567126
-0.580666
1.404322
-0.773727
0.915882
-0.269809
-8.756321
0.227722
0.197492
-0.024783
-0.892324
1.332047
-0.063530
0.291220
0.158550
0.380136
0.326184
-0.102114
0.039787
-0.844196
-0.017355
0.677690
-0.857181
-0.688089
-0.806943
0.728316
0.361279
-0.324025
0.733050
-0.024046
0.118458
1.506013
0.386183
-0.058199
-0.796286
0.243402
0.826479
-0.458609
-0.943614
-0.287680
0.547336
-0.493544
-0.440213
-0.326520
-1.236258
0.772026
-0.858162
0.224623
-0.163378
0.586573
0.216035
0.501347
0.243051
0.667115
-0.981879
0.868673
0.068243
0.749612
-0.895945
-0.291730
-0.649454
0.449934
-0.203409
0.627515
-0.722574
-0.344053
-0.356691
1.391081
0.430039
-0.166333
-0.330173
0.098758
0.439769
0.283522
1.027310
0.962703
-0.032255
-0.902537
-0.541522
1.052347
0.753303
0.736621
0.699735
-0.087511
0.462278
0.716366
-0.418289
-0.457643
0.289710
-0.113887
0.134466
0.841852
-0.635540
1.036377
0.838730
-0.339148
0.125029
-0.456722
-0.475429
-0.721572
0.221210
0.452163
0.698372
-0.374585
-0.271797
0.387838
-1.208768
0.306223
0.555755
-0.404945
0.400047
0.299802
-0.249620
-0.089777
-0.623125
0.941067
-0.755597
0.132325
-0.506495
-0.988916
-0.951675
0.773787
0.728673
-0.571899
0.669103
0.624568
0.555541
-0.604478
0.688485
0.812312
-0.574660
0.058681
0.161337
-1.305668
0.633815
-10.746248
0.638365
0.524708
0.376048
0.265234
-0.915956
-0.193227
-0.103311
0.215239
0.752878
0.305465
-0.143389
-0.387784
-0.918331
0.805510
-0.372306
-0.586229
0.204886
-0.052560
-0.834179
-0.220238
-0.699241
0.507304
0.130011
-0.963975
0.769999
0.546326
0.678909
-0.035327
1.089488
0.422982
-0.310445
0.373712
-0.173929
-0.752763
-0.231943
0.960398
0.187411
0.945533
-0.703018
0.311317
-0.558941
0.027503
0.748844
-0.213453
-0.319728
-0.664467
0.057319
1.216001
-0.292416
0.857036
-0.473759
0.494936
0.740357
1.135843
0.499384
0.842599
0.582806
0.013037
-0.472872
0.538784
0.633381
0.780501
0.041106
-0.366502
1.177045
0.907206
0.928631
0.206678
0.594149
-0.759345
-0.592074
-0.803586
0.726068
1.433577
-0.023279
-0.972964
-0.870015
-0.939600
-0.706071
0.421108
1.099193
-0.017930
-0.248912
0.615041
-0.189829
-0.753455
-0.042408
-0.834942
0.051253
1.205536
1.343675
-0.238264
0.488933
0.066290
0.578127
-0.005362
-0.198246
0.716654
-0.598736
-0.813590
1.193760
-0.459770
-0.215536
0.485697
-0.432694
0.696496
0.746705
-0.449321
0.884170
-0.604866
-0.558014
0.637860
0.325350
0.451022
1.027802
-1.046679
1.121991
-0.476350
-0.182999
-0.426766
-0.304037
0.093116
0.797795
-0.829814
0.638712
0.374752
0.653557
-0.327905
-12.373964
-0.976619
0.152065
-0.229008
-0.148003
0.690119
-0.566216
0.892554
0.384147
-0.736433
-0.559672
0.312355
-0.334362
0.046333
0.371583
-0.841796
-0.184799
-0.435576
-0.547763
-0.919566
0.386491
0.273246
0.443267
-0.269019
-0.926309
-0.057548
-0.818105
1.671403
-0.334501
-0.940822
-0.699974
0.536353
-0.631153
-0.993493
-0.308260
-0.227668
0.837148
0.124967
-0.737044
0.325561
0.634825
-0.783204
-0.261459
-0.652570
0.692953
0.846482
-0.577963
-0.798714
-0.099354
0.096041
-0.147283
0.862008
-0.799277
1.040545
-0.616414
-0.522362
0.392490
-0.244924
-0.585355
1.020286
-0.325591
0.516355
0.880351
-0.237762
0.242248
-0.930212
0.576789
-0.093488
0.591428
1.020828
-0.562045
0.093355
-0.619876
0.536558
0.395105
-0.905251
0.205843
0.907026
-0.592025
0.498051
-0.134546
-0.126568
0.519503
0.202172
0.030687
0.622510
0.680581
-1.067775
-1.074064
-0.842247
-1.328913
-0.050012
0.469136
0.811912
0.828874
-0.290925
-1.107234
0.615907
0.765311
0.551838
0.456260
-0.830184
-0.271210
0.491345
0.268216
-0.952464
1.112488
-0.682215
0.736283
-0.622083
-1.048979
0.115681
0.260727
0.680753
-0.889156
-0.937975
0.085504
0.709466
-0.695271
0.701768
-1.244349
-0.364339
-0.497979
0.410827
-0.659832
-0.564260
-0.918947
-0.244159
0.789884
-5.054546
-0.694609
-0.088128
-0.863255
-0.061904
-0.546426
0.552938
0.017025
-0.934830
-0.821738
0.013882
-0.886744
-0.713801
0.827170
0.266656
-1.021460
0.938244
0.485935
0.444545
0.812963
-1.020806
0.180754
0.756073
-0.357908
0.941988
0.266779
0.170302
-0.538085
0.360807
0.821188
-0.763648
0.320447
-0.838673
0.184214
0.430140
0.080857
0.603765
-0.013094
-0.819472
0.665406
0.160282
0.147453
0.809801
0.486254
0.007420
0.114720
0.459206
0.017588
-0.268070
-0.056656
-0.194270
-0.250219
-0.812925
-0.316747
0.420866
-0.865037
0.974868
-0.362394
-0.403992
0.333157
-0.522197
-0.151406
-0.327368
-0.343533
-0.960127
-0.857515
0.785111
0.664251
0.168290
0.914518
0.301012
-0.610741
0.091989
0.149379
0.856817
-0.796890
-0.699194
0.354793
0.200967
0.023092
-0.672640
-0.907680
0.745206
-0.481174
-0.272531
0.215698
-0.350800
-0.284330
0.802137
0.228712
-0.839070
-0.638442
-0.905011
-0.176398
-0.023494
-0.861710
-0.077410
-0.191409
0.773642
-0.861044
-0.267350
0.165553
-0.519583
0.849812
-0.665396
-0.665487
-0.941395
-0.303296
0.723097
0.291852
0.727789
-0.839762
0.353666
0.533447
-0.293605
-0.810310
-0.260550
0.388971
-0.080813
-0.334656
-0.358346
0.043079
-0.007406
-0.246813
0.888340
-0.934034
-0.066572
-0.147983
-0.162113
-5.181909
-0.023086
0.552116
1.007398
0.408474
0.296299
-0.713870
0.721630
0.681700
-0.118945
0.654866
-0.103435
0.018274
0.751837
-0.480787
-0.581098
-0.839703
-0.498444
0.201965
0.649805
0.467819
0.675199
-0.239439
-0.389490
0.085585
0.261037
-0.994170
0.478716
-0.711926
-0.079981
0.830482
0.023689
-0.853798
0.475582
0.150879
0.814185
0.049043
0.512811
0.783025
-0.317736
0.022483
0.459251
0.622524
0.438533
0.184352
-0.928219
0.769879
0.927370
-0.252546
0.096349
1.200266
-0.702656
-0.239471
-1.121870
-0.387676
-0.915807
0.858894
0.370617
0.487419
1.006544
-0.132464
-0.166950
0.213504
-0.064662
-0.333937
-0.236096
-0.184715
0.688814
1.082056
-0.282241
-0.446153
-0.617295
-1.029789
-0.259939
0.279292
0.325365
-1.112390
0.672499
-0.092465
0.096509
-0.212573
-0.396790
0.273010
0.885269
-0.279952
-0.962444
-1.025159
-1.147280
-0.306280
0.092776
-0.698618
1.029691
-1.335776
0.384989
0.091862
-0.002372
0.977940
0.954641
0.057212
0.823139
-1.636689
0.947699
0.873874
-0.786660
0.677384
0.428444
0.101244
-1.307533
0.371700
-0.499533
0.821549
-0.756352
0.054202
-0.294496
-0.990267
1.071088
0.343663
-0.802484
-1.008475
-0.892489
0.644460
-1.016392
1.475756
0.439698
1.267502
-0.357552
-0.692953
0.775932
-0.688721
-9.102898
0.213060
-0.808295
-1.205436
-1.014122
0.313447
-0.754271
-1.341402
-1.314763
-0.608093
0.574083
-0.449124
1.323572
0.234081
0.255356
-0.306531
0.599187
0.258750
-0.030447
0.315644
0.509412
0.930223
-0.267810
0.507819
0.515931
-0.844956
0.816831
-0.561439
-0.503968
-0.020978
0.548111
0.591746
1.341215
0.790814
-0.837531
-0.541383
-0.705775
-0.480112
-0.879401
-0.851230
-0.274932
1.176380
0.053552
0.062689
0.038998
-0.478862
0.737677
-0.902428
0.886330
0.279332
1.079797
0.149167
0.356573
-0.776510
0.529100
-0.185737
-0.220562
-0.330986
0.528832
0.139342
0.546274
-1.181695
-0.297512
0.727917
0.567274
-0.173955
-0.765726
1.171479
0.568643
-0.440289
-0.863735
-0.312872
-0.334773
0.567021
1.181080
0.516961
1.145474
0.490990
-0.702292
0.248142
0.041488
-0.677478
-0.156400
-0.832362
-0.321141
1.025716
-0.014737
0.309353
0.319855
-0.718238
-0.917816
-0.673925
-0.441735
0.290785
-0.710313
-1.207226
-0.920033
-0.681128
0.636994
-1.024877
0.247776
0.941025
-0.023839
1.014419
0.123911
-0.211035
0.957246
-0.158797
-0.272986
-0.581246
-0.682378
0.573109
-0.793222
0.415511
0.820461
-0.182156
0.750296
-0.745979
-1.076751
-0.916690
-0.206233
-0.381825
-0.769868
0.547925
0.969826
-0.205528
0.620781
-1.166596
0.210667
-6.039149
-0.701867
-0.771231
0.368451
0.145362
-0.711553
-0.370321
-0.863594
-0.950613
0.752061
0.070242
-0.774117
-0.882541
-1.090517
-0.707024
0.639831
-0.884199
0.425910
-0.339708
-0.211563
0.694254
0.554353
-0.641799
-0.639234
0.902971
0.715176
-0.701222
-0.132984
0.532534
-0.460550
1.111722
-0.432054
-0.289176
-0.795554
-0.576916
-0.392406
-0.082128
0.176866
0.599245
-0.034490
-0.198220
1.023719
0.389548
-0.089363
-0.832338
0.746322
-0.101777
-0.098918
0.121106
0.487541
0.677101
-0.504402
0.056359
0.644413
-0.315349
-0.422891
0.793684
0.362209
-0.168295
0.275582
-0.482411
-0.051412
-0.533808
0.217275
0.417182
-0.332346
0.846196
-0.689766
1.105018
-0.431883
0.187420
-0.345958
-0.587335
-0.724148
0.532920
-0.536871
-0.822111
-0.959650
-0.063258
0.996517
0.602029
-0.820447
-0.743188
-0.605994
-0.865206
0.368759
-0.030576
0.272076
0.104929
-0.834025
-0.180053
-0.280401
0.482388
0.030726
-0.804838
-0.453987
0.794321
1.122134
-0.747653
0.526922
-0.421754
-1.070274
-1.017066
0.272958
-0.274051
0.544159
1.120448
0.251248
0.983991
-0.164669
-0.920576
0.431818
0.286837
-0.459912
0.630279
0.423169
0.929707
-0.534329
0.429189
-0.205707
-0.579370
0.906742
0.965572
-0.983040
-0.178858
1.331253
-0.370985
-0.545995
0.760192
-2.719930
-0.924367
-0.698931
0.779262
-0.713632
0.491420
-0.837700
0.933294
0.523302
0.112969
0.225694
-0.805426
0.335112
-0.512659
0.513128
0.854663
-0.418798
-0.466827
1.116145
-0.274737
0.495551
-0.173116
0.902676
0.596538
-0.551948
1.338155
-0.924483
-0.878919
-0.800757
0.090378
-1.097211
0.338765
-0.341953
-0.308518
0.256726
-0.021539
-0.770216
0.797541
-0.402526
1.180098
0.035250
-0.690621
-1.022742
0.960228
-0.439661
0.368852
1.012858
-0.320215
-1.509450
0.685876
0.783457
0.472709
-0.328117
0.218849
0.315960
-0.034185
0.035084
0.176696
0.204452
-0.189664
-0.956511
0.201897
-0.208892
0.035938
0.896018
-1.033188
-0.935165
-0.955913
1.016945
-0.195097
0.882739
-0.782272
-0.094766
1.040127
-0.836630
0.127254
0.610610
-0.746793
-0.751276
0.055039
0.942170
0.578952
0.004976
-0.544657
-0.038584
-0.622619
0.414579
0.800888
0.707932
-0.326532
-0.199908
0.707447
-1.237970
0.532591
-0.148080
1.063517
0.537720
-0.101736
-0.388317
0.290419
0.572108
-1.025573
0.771689
-0.553281
0.986449
-0.967432
1.037555
0.298576
-0.673822
-1.056355
-0.459842
-1.142839
-0.810422
0.682078
-0.187988
-0.282111
0.615248
-0.574897
0.016421
0.379341
-0.060039
0.478585
0.565901
0.055522
0.063073
0.657924
-0.050362
0.110784
-0.494008
-5.923286
-0.549269
-0.878607
0.353912
-0.672558
-0.103882
0.119967
-0.983281
-0.396481
-0.468844
-0.792080
-0.154291
0.103036
-0.166366
-0.148123
-0.157853
0.901923
-0.880878
-0.236091
0.834726
-0.178715
-1.222645
-0.245723
-0.439170
0.585298
0.736508
0.319837
0.388534
-0.101514
-0.815471
-0.014450
-0.733984
-0.205708
1.044622
0.116878
-0.138807
-0.673125
-0.657797
-0.029403
0.195912
0.067745
0.116387
1.077279
0.988266
-0.744363
-0.100310
-0.465953
1.029612
0.301918
0.780289
0.702177
1.404288
0.973178
-0.272134
-0.356206
0.253228
-0.298821
-0.725425
-0.701607
0.380990
-0.097012
1.112719
0.088466
0.594663
0.779590
-0.338087
-0.513813
-0.746788
0.315309
0.503822
0.224790
0.994951
-0.010525
0.101682
0.979487
0.630226
-0.910803
-0.433127
0.149111
-0.387080
-0.484560
0.055724
-0.137794
-0.531383
0.512477
0.263786
0.716720
-1.025677
0.333728
-0.938061
0.776878
-0.756991
-0.868696
0.134338
0.826201
0.819842
0.899893
-0.770804
-1.186050
-0.144070
0.729455
0.113527
0.007907
-0.399265
-0.579084
-0.174373
-0.632536
-0.609753
0.718048
0.375875
0.183196
-1.251969
-0.742720
-0.566766
-0.293282
0.986227
0.452905
-0.593558
1.108936
0.270177
-0.417498
0.640076
0.777034
-0.530789
-0.421337
0.119486
-0.537838
-0.442894
0.564517
-3.673432
0.260999
0.268378
1.014232
-0.263259
-0.941255
-0.648306
0.651185
-0.809633
-0.213440
0.381507
0.685715
-0.468542
0.165748
0.910222
-0.041235
0.932928
0.746083
-0.297259
-0.939323
0.710908
-0.855223
-0.331786
0.402185
0.558913
0.346994
0.590615
-0.337548
-1.019148
-0.859556
-0.998237
-0.574611
0.907408
0.811380
-0.093939
-0.688002
-1.007118
-0.195663
0.634337
-0.603170
0.773291
-0.589326
-0.860738
-0.693178
0.769698
-0.896342
0.325547
1.043952
1.030305
-0.769816
-1.284204
0.893405
-1.052162
-0.022776
-0.509786
0.560745
-0.025598
-0.389160
-0.683917
-0.350010
0.000956
-0.370635
0.291942
-0.212072
-0.474521
0.705424
0.133501
-0.791603
-0.365162
-0.525005
0.018817
-0.641734
0.421121
0.633063
-0.468841
0.600216
-0.139680
1.046172
-0.178157
0.668462
0.946912
-0.099651
-0.274623
-0.978959
-0.837065
0.436238
0.559779
-0.421929
-1.419286
0.902742
0.009695
0.085384
-0.793397
-0.722044
0.715190
0.340670
1.207978
-0.324981
0.887168
-0.455400
1.002379
0.255512
-0.272874
0.093403
-0.931272
0.302223
-0.881318
0.265859
-0.020941
0.504553
-0.372725
0.557951
-1.238695
0.359393
0.255909
-0.534120
-0.021479
-0.111390
-0.288629
-0.119539
-0.116486
0.863599
0.396347
0.588935
-0.689821
0.425298
-0.224032
-0.631047
-0.660453
-4.751301
-0.470205
-1.481845
0.565500
0.442677
0.192484
0.512167
-0.756634
0.480913
-0.048247
0.709872
-0.477231
0.537913
0.019462
-0.471899
-0.036663
-0.864412
0.068201
1.096085
0.545561
1.021244
-0.583743
-0.837490
0.975523
-0.578816
0.542953
-0.919729
-1.411382
-0.533819
-1.255664
-0.406799
0.102326
-0.481357
-0.711744
-0.410358
-0.951558
0.412969
-0.751506
-0.459922
-0.322295
0.085466
-0.077269
0.204023
-0.231162
0.486989
-0.794999
0.861748
1.276569
0.458139
1.007523
-0.160480
0.370471
-0.664131
0.161900
0.441068
-0.018039
-0.078514
0.593982
0.215629
0.177745
0.995680
0.342969
-0.793130
-0.201077
0.954210
-0.362382
-0.100058
0.997031
-0.184279
0.090652
-0.694591
-0.231712
-0.984971
0.291758
0.382348
0.976967
-1.397085
0.333910
0.334961
0.952107
-0.202431
-0.754495
-0.163087
0.219525
0.700144
-0.744802
-0.805330
-0.308501
1.418661
0.254544
-0.946007
0.694599
-0.026898
-0.321968
-1.179011
-0.264459
1.089260
0.239311
-1.076422
0.469375
0.179721
-0.891051
0.895175
0.063070
-0.627024
0.230050
-0.753990
-0.629423
-0.370523
-1.148968
0.718400
0.174513
-0.606220
-0.237726
-0.447718
-0.829798
-0.177745
-0.517384
0.324496
-0.097191
-1.373335
0.351647
-0.270326
-0.071241
0.746551
0.033168
0.609095
0.658864
-0.307313
-6.397652
0.155656
1.548263
-0.612139
0.081796
-0.055187
-0.180750
-0.993183
0.650479
0.548871
-0.475686
0.527901
0.196105
0.899513
-1.327050
-1.099117
-0.660251
-0.396229
-0.141894
-0.441415
0.585567
-1.156280
0.150114
-0.714681
-0.466415
-0.936614
-0.571644
0.678095
0.847635
-0.994923
-0.037911
1.056798
0.563447
-0.449430
-0.731441
-0.711147
0.280532
0.051033
-0.601175
-0.185520
-0.979162
-0.168150
-0.486360
0.649601
-0.277615
-0.439510
0.942614
0.762846
0.364692
0.194554
-0.535554
-0.498222
-0.618976
-1.209309
0.750721
0.538105
-0.322821
-0.821435
0.449078
-0.550676
-0.864315
-1.311236
-1.583052
0.847796
-0.339573
-0.625247
-0.798982
-0.677148
0.582675
-0.552679
-0.207670
-1.014960
0.851118
-0.007397
1.280556
-0.102641
0.748887
0.603405
-0.386873
0.018471
-0.764667
0.444752
0.624546
0.091046
0.806897
0.194807
-0.417908
-0.117758
0.065019
-0.898134
-0.029771
0.802545
-1.202769
0.054765
0.528258
-0.196077
0.753108
0.503759
0.074411
0.109807
-0.780202
1.303643
0.350498
-0.533767
0.031315
0.066943
0.486786
-0.332273
-0.405195
0.754593
0.358236
-0.486803
0.441312
0.435881
0.951929
0.153676
-0.640189
-0.709938
0.713066
1.039179
0.425926
-0.634363
0.566357
-0.056226
0.129026
1.055855
0.907874
0.134573
-0.206333
-4.556962
-0.906609
0.606780
-0.747507
0.922549
0.419205
0.715324
-0.474426
-0.227909
-0.340953
-0.014532
-0.179695
-0.344383
-0.766087
-0.884370
0.894417
-0.580934
0.658155
-0.532921
-0.327160
0.348496
-0.679183
0.322667
0.302649
0.928695
-0.422214
-0.016074
0.057305
-0.629406
-0.880925
0.632069
0.296988
0.435410
-0.027735
-1.050987
-0.444242
-0.372858
0.604160
-0.041780
0.597417
-0.797722
-0.583250
-0.370305
-0.138536
0.079286
-0.145280
-0.515910
0.617405
-0.077565
0.410541
-0.981523
0.478908
0.570427
0.628955
1.004212
0.693231
-0.526111
-0.083140
-0.280815
-0.510482
0.335692
0.252400
1.110224
-0.773738
0.910634
1.031252
-0.175612
-0.442677
0.984890
-0.346151
-0.649548
-1.087409
0.017487
0.290408
-0.201900
-0.817294
1.097987
0.539751
0.528954
-1.006192
-0.044625
0.445857
-0.895784
-0.325463
0.289913
0.932512
-0.633623
0.675639
-0.707568
0.180571
0.963700
0.790559
0.963882
0.679919
-0.908244
0.817692
0.154226
0.551461
-0.311946
0.538846
0.323370
-0.414066
0.367420
-0.552800
0.814853
-0.803583
-1.404528
0.897331
1.050017
-0.689514
-1.460233
0.667326
0.841588
-0.859556
0.617663
-0.012992
0.991877
-1.188301
-0.884430
-0.469234
-0.077724
-0.644415
-1.034421
0.119757
-1.142898
-0.441086
-0.074733
0.775817
0.650337
-5.594907
0.029153
-0.456057
-0.158624
-0.675753
0.611655
-0.772520
-1.102253
0.987362
1.268087
-0.934438
-0.947210
1.023486
0.044353
0.968217
-0.775204
-0.793434
0.013444
-1.245298
-0.236467
0.483631
-0.782040
1.356103
1.053113
0.098883
-0.210446
0.962389
0.646061
-0.968105
0.010680
0.765848
0.919959
-1.047314
-0.789790
1.076321
-0.791142
0.763475
-0.712423
-0.955794
0.606824
-0.954239
-0.014429
0.811527
-0.888426
0.756069
0.579732
-1.065175
-0.517919
-0.781693
-0.516568
0.272587
-0.742298
-0.024372
0.434575
1.187872
0.921146
-0.853585
0.755473
0.389674
-0.713428
-0.285109
0.318091
1.086044
0.273614
0.383738
0.442776
0.510187
0.123820
-1.280020
-1.268960
-0.301657
-1.114899
-0.290243
-0.675576
-0.893392
-0.645534
-1.226760
-0.257247
-0.013946
0.098520
-0.132248
-0.953723
-0.083676
0.751558
0.403775
-0.245494
0.677668
1.039458
-0.140841
0.329389
-1.298175
0.622247
-0.167041
0.910775
-0.220894
0.575064
0.345051
-0.685717
-0.081619
0.585724
-0.391953
0.474059
1.057993
0.089474
-0.817773
-0.769140
0.549160
-0.742234
-0.512414
-0.232557
-0.056760
0.555091
0.087995
-0.900454
0.487403
-0.854146
-0.288449
0.335567
-0.773448
0.296623
0.400886
-0.878371
0.225135
-0.131733
0.688360
-0.940346
-0.413579
0.880987
-0.453944
-3.079323
0.441036
-0.562899
0.572343
0.742606
-0.786609
0.141761
1.213688
1.154087
0.666104
-0.820787
-0.459054
-0.293428
-0.812035
0.943763
-0.213609
1.086481
0.721446
1.089757
-0.622773
0.781879
0.243837
0.873741
1.247470
-0.433727
-0.954275
1.161267
-0.613512
-0.170965
0.525670
-0.355921
-0.712886
-0.381421
-0.707356
0.413834
-0.574346
-0.600415
-0.406524
-0.498802
-0.702483
-1.423164
-0.704688
-0.014182
-0.236759
-0.099650
-0.600724
0.485581
0.003006
-0.993861
0.671689
0.866627
-0.954392
-0.053440
-0.107196
1.120575
0.219125
0.239133
0.690037
1.011333
-0.873187
0.280504
0.190180
-0.426991
-0.755677
0.277554
0.627449
-0.271365
0.487678
-0.985595
-0.079038
-0.935292
-0.605541
0.581647
-0.077627
0.330182
-0.650748
0.556855
-0.257064
0.066807
0.897021
-0.873824
-0.347236
0.712921
-0.138148
0.508734
0.608128
-0.930002
-0.535400
0.207789
0.894647
-0.204687
-0.559464
0.596771
0.238916
-0.527367
-0.619077
-0.463894
1.136179
-0.894314
0.206957
-0.494963
-0.857296
0.743195
-0.946940
0.176804
-0.208510
-1.035523
-0.604844
0.571500
0.366397
-0.112010
0.928114
-0.651131
-0.892211
-0.339688
0.917823
0.657345
-0.295451
-0.278893
0.117013
-0.277722
0.543618
0.866642
0.630960
0.011473
-0.654732
-1.021969
0.788368
-1.021099
-6.093183
-0.010590
-0.763352
-0.614257
-0.197240
-0.676710
0.213763
0.528166
0.298388
1.154958
-0.351505
-0.281151
-0.857266
-0.208463
-0.419742
-0.640106
0.573761
-0.018654
-0.850682
-1.280965
0.665485
0.750889
-0.489150
-0.169353
0.145288
-0.236281
0.796348
0.638158
-0.282494
0.727973
0.766080
-0.488137
-0.704792
-1.052998
0.146346
0.276722
-0.253082
-0.807989
-0.312931
0.834595
-0.798583
1.081671
-0.464584
-0.376698
-0.232387
0.649925
-0.132390
-1.314241
-0.559483
1.059126
-0.348351
-0.415505
0.492628
0.769529
1.147841
-0.952290
-0.768688
0.507898
0.575471
0.604301
0.553689
0.066144
-0.883040
0.921933
0.470600
-0.150245
0.301734
-0.987980
0.263765
-1.200200
0.849434
1.754517
-0.903689
-0.392729
-0.856170
-0.007393
-0.981137
0.656106
0.299698
-0.135634
-0.041706
-1.262612
0.413952
0.883997
0.627978
0.222310
-1.067678
-1.364202
0.140882
0.631715
0.856468
1.127204
-0.520956
0.685267
0.889757
-0.310351
-0.455274
0.164474
-0.425546
-0.769774
0.554443
-0.588118
-0.673692
0.471472
-0.161760
-0.554302
-0.140833
-0.143168
-0.919885
0.889461
-0.365595
0.274113
0.756675
0.899529
0.135190
0.553131
-0.223423
0.561417
0.638636
0.851553
-0.262185
0.248676
1.250814
0.864437
0.058535
0.444383
-0.609920
0.828910
-0.154290
-13.764449
-0.602789
-0.690227
1.341763
-0.866662
0.895576
-0.108231
0.269468
-0.952499
-0.394705
0.079106
-0.844914
-0.445318
-0.788609
-1.005057
-0.191228
0.495761
0.679551
-0.928444
-0.300304
0.483336
0.927246
0.299371
-0.346543
0.579599
0.926043
0.668369
0.656697
0.815028
1.252312
-0.856257
-0.166826
-0.256511
-0.134148
-0.115814
-0.451960
-0.247089
0.746230
0.237691
0.437610
-0.728895
-0.618854
-0.206396
0.023852
-0.155466
0.183553
0.691901
-1.066788
0.167183
0.925142
-0.280731
-0.352959
0.712430
-0.862631
0.520592
0.534504
0.830616
0.393094
0.138703
0.621654
-0.307172
0.836456
-0.629243
0.269310
-0.737771
0.272701
0.874711
-0.331870
0.809218
0.105809
0.787736
0.777658
-1.201053
0.177567
-0.742791
-0.151318
-0.679772
-0.611123
0.070001
0.262917
-0.835762
1.253139
0.480670
0.946589
-0.921351
-0.270209
0.481581
0.819171
0.747054
-0.473696
0.124355
0.141426
-0.980393
0.944164
-0.624187
-0.372588
0.361824
-0.792310
0.160985
-0.418204
0.749369
0.395151
-1.107253
0.875168
-1.680458
-0.514521
-0.324158
-0.982738
-0.293845
0.490827
-0.090250
0.282076
0.655366
-0.142358
0.061806
0.598533
0.912383
-0.575014
0.395356
0.656068
-0.226963
-0.104533
-0.429675
0.090169
-0.003817
-0.169026
0.538500
-0.721220
0.328498
-6.653885
-0.201729
0.286409
1.086308
-0.134583
-0.436559
0.826008
0.143775
0.369135
-1.216384
-0.936157
-0.071893
0.379496
0.348814
-0.665977
-0.845630
-1.193820
-0.665049
-0.758022
0.342761
0.835126
0.789255
-1.085285
-0.288176
-0.508495
0.339083
0.888956
0.650697
-0.046853
1.138902
0.141812
1.031284
0.188226
-0.933748
0.738340
0.768768
-0.080846
0.456010
0.098549
-0.957502
0.804975
0.999617
0.113708
0.134321
-0.064212
0.748843
0.344143
0.451269
-1.125596
0.707952
-1.034154
1.501128
0.554843
-0.344969
-0.313079
-0.933323
1.123158
-0.662880
0.511585
-0.142201
-1.004120
-0.205345
-0.295118
0.149096
0.111331
-0.823846
-0.030211
-0.917381
0.941240
-1.205003
-0.829793
0.130694
0.785121
0.792136
-0.407289
-0.253891
0.351928
-0.720408
-0.803487
0.236338
0.843818
-0.481124
0.019167
0.311444
0.075914
0.970909
0.378331
-0.399130
-1.150305
0.130321
1.188323
-0.619597
-1.080490
-0.291291
0.614224
0.007169
-0.239365
-0.608279
-0.236554
-0.080403
-0.791408
0.178314
-0.403381
-0.262656
-0.057206
0.263355
0.772764
-0.886042
0.026248
0.747260
0.133465
0.254421
-0.630892
-0.790521
-0.213672
0.288983
-1.191449
-0.671497
-0.269073
-0.878009
0.465253
-0.592185
-0.343877
0.612881
0.198568
-1.077558
-0.098114
-0.644242
-0.343023
-6.430416
0.725961
1.104176
0.782876
0.917474
-1.194998
-0.405677
0.278415
0.613494
-0.474622
0.002506
0.351000
0.915994
-0.892384
0.358484
-0.897512
0.368769
0.059337
-0.862706
-0.004902
0.501862
-0.683953
-0.273279
0.577981
-0.186106
-0.707493
-0.061039
-0.520646
0.125090
0.865700
1.157114
0.851767
0.004872
-0.087683
0.215406
-0.506758
0.390022
0.895380
0.914707
0.127361
-0.285212
-0.649417
-0.655847
-0.475616
-0.372723
-0.750965
-0.492775
0.686208
0.484673
-0.501150
-0.590359
0.307234
0.193976
0.594844
0.009946
-0.935505
1.095129
-0.560374
0.114096
0.049265
0.245252
-0.483467
-0.993606
-0.815963
-0.858086
0.597907
-0.235379
0.771490
0.864561
-1.249430
-0.249413
-0.784169
0.019013
-0.000714
-0.281053
0.645887
0.499239
0.503894
0.397295
0.613699
-0.732022
-0.827199
-0.711506
0.443695
0.808161
0.270904
0.508191
0.763543
0.495574
-0.391451
-0.903542
0.266053
-0.491350
0.145275
0.228034
0.768246
-0.320200
1.260826
0.372367
-0.599122
-0.662961
-0.901719
-0.229253
0.656791
0.595105
0.556437
0.546452
0.822254
0.630602
-0.959970
-0.038608
0.985056
0.268051
0.135638
0.025352
-0.306491
-0.857270
-0.463562
0.035604
-0.877243
0.172977
0.343332
0.550238
-0.184506
-0.612444
-0.837069
-0.440926
0.651998
-0.720120
-12.042056
0.739656
-0.446586
-1.126650
-0.230539
-0.741319
0.790735
-0.760946
0.924072
-0.104802
0.897460
-0.234415
-0.463938
-0.008827
-1.012065
0.293538
-0.908493
0.079170
0.810978
-0.675852
0.761001
-0.845149
-1.452975
0.559748
0.190827
-0.073130
0.816726
0.594327
0.536693
0.382456
-1.263894
0.510995
0.845284
-0.106935
0.821854
0.883346
0.552346
0.425904
-0.995051
0.094157
0.072115
1.077534
-0.660540
0.133749
-0.119427
-0.720932
-0.882320
-0.970987
0.876342
-1.317429
0.534837
0.295079
-0.401758
0.540268
-0.601457
0.954388
-0.331387
-0.937257
0.833395
-0.631315
0.386236
1.118741
1.598408
-0.296235
-0.358438
0.748231
-0.335249
-0.888610
0.228042
0.336182
0.435431
-1.001424
-0.124284
0.711567
0.329850
1.100930
0.948868
0.781656
-0.196537
0.634703
-0.609952
-0.532784
-0.470305
0.069532
-0.751421
0.147515
0.015125
-0.047323
1.008375
-0.348417
0.140493
-0.029903
-0.846790
-0.028364
0.645064
0.101002
-0.359519
-0.632498
0.545189
1.138895
0.686876
-0.425543
-0.951883
-0.676572
-0.751596
0.326763
-1.275127
-0.956282
0.532876
0.208744
0.541102
0.876049
0.471033
-0.898566
-0.139098
0.820345
0.229478
1.004217
-0.940118
-0.352833
0.023801
0.726753
0.399442
0.024276
-0.390604
0.191793
-0.977502
-0.046006
0.563171
-8.016571
0.000982
-0.294421
0.702371
0.265720
0.187932
-1.039612
-0.146116
0.639357
-0.700705
1.151401
-0.793980
0.910144
0.556366
1.256473
0.905159
-0.252190
0.251779
0.438284
-0.040177
-1.089728
1.133797
-0.071615
1.001788
0.481548
-0.975688
-0.748925
-0.373756
-0.839849
1.018680
-0.586329
0.629034
-0.653551
0.312666
0.108921
-1.059997
-0.494215
0.498079
-0.028015
1.693363
0.216031
-0.733997
-0.620186
0.287894
-0.937454
0.867268
0.539635
-0.472858
0.961248
-0.691411
0.402551
-0.073659
-0.436233
-0.893470
-0.452550
0.869524
-0.802423
0.581979
-0.183435
-0.409733
0.409283
0.184413
-0.972294
-0.892444
-0.649251
0.538431
-0.875982
-0.180630
-0.802252
-0.385339
-0.253401
0.540857
0.152650
-0.440816
0.230324
0.219716
0.174773
-0.623801
0.919691
-0.356074
-0.093205
-0.375444
0.667045
0.303519
0.176374
-0.124894
0.171858
0.465339
-0.931301
0.808286
-0.452378
0.547573
0.159143
-0.768379
0.888227
0.275538
0.864728
0.858085
-1.234420
0.928229
-0.022338
-0.180582
0.599402
0.781833
-0.987498
-0.182801
-0.343312
0.327690
0.822381
-0.733590
0.773414
-1.021847
-0.571107
0.079675
0.713946
0.390307
-1.211115
-0.023571
0.384177
-0.565981
-0.466465
0.173124
-1.612452
0.859632
0.891773
0.732171
-0.117901
0.030473
0.710579
-10.030797
-0.274051
-0.655053
-0.802376
-0.698991
-0.929431
-0.851365
0.456805
0.325500
0.372562
-0.417372
-0.484286
-0.326516
-0.014581
-0.427642
0.790544
0.017220
-0.699679
1.148494
0.424954
0.188577
-0.555580
-0.245618
-0.810132
-0.663253
-0.649921
-0.902919
-0.439456
0.180052
0.288724
-1.249834
-0.959008
1.000985
-0.558787
-0.493644
-0.705324
-0.196824
-0.383306
1.304797
-0.778406
0.995204
-0.747086
-0.472576
-0.358380
0.419924
0.480950
-0.488837
-0.731546
0.921381
-0.773722
1.009156
0.233845
-0.575358
-0.405066
0.694824
0.119158
-0.096075
0.892461
0.742785
-0.847120
-0.199287
0.445954
-0.758976
-0.252834
-0.960053
-0.025071
0.102961
-0.253540
0.709295
-0.312570
-0.052637
0.462357
0.161338
0.859461
-0.790412
-0.440136
0.498657
-0.444055
-0.099079
0.235942
0.093655
0.116019
-0.916564
0.785708
0.410654
0.790228
-0.108074
-0.702572
0.573277
-0.803246
-0.633699
-0.612900
1.382796
-0.236070
0.206165
0.745838
1.337111
-0.771020
-0.466358
0.280913
0.232546
0.759840
-0.107264
-0.963999
0.493182
0.165924
0.253792
-0.294291
0.991540
-1.272750
1.215356
0.204916
0.030091
-0.996711
0.002477
-0.595741
0.941481
1.015726
-0.154509
0.468216
-0.706892
0.026137
1.166403
-0.793643
1.532568
0.097460
-0.916275
0.585619
0.400177
-7.918445
0.015554
-0.059131
-0.578824
0.877912
0.089342
-0.892987
0.078429
-1.106528
-0.189622
-0.226056
-0.839017
-0.001834
-0.836800
0.318939
-0.008917
0.292679
0.821136
-0.264097
0.314298
-0.335589
-0.509269
0.250448
1.175646
-0.755225
0.598601
0.858497
0.842747
0.707703
0.646943
-0.260545
-0.498332
-1.185945
0.750339
0.290030
-0.841910
-0.468207
0.345171
0.748210
-0.127034
-0.719544
-0.716308
-0.187378
0.471214
-0.448293
-0.873906
-0.269154
0.927028
1.165109
0.407396
-0.133630
-0.399453
0.875204
-0.939219
-1.022327
-0.773051
-1.163836
-0.996110
0.812906
0.814738
0.713418
-0.532771
-0.334983
0.902069
-0.755874
1.000447
-0.870244
-0.195587
0.428965
0.522308
0.416748
0.652172
0.875839
-0.269726
-0.007225
-0.525091
-0.629747
0.579888
-0.729823
-0.262482
0.256248
0.034317
0.145932
0.147009
0.606405
0.738876
0.377150
0.815885
0.933261
0.110420
0.797760
0.305043
0.622008
-0.921456
0.249797
-0.947200
1.176180
0.330780
-0.541192
0.181827
-0.089985
-0.409451
0.062042
-0.481797
-0.079514
-0.819543
0.214496
0.719166
-1.071912
0.694802
1.256176
0.891282
-0.238739
0.145039
-0.220326
-0.867313
0.077240
-1.144460
-0.548980
-0.339529
0.502053
0.579289
-1.029760
0.246068
0.682243
0.383310
0.289840
1.111553
-0.300654
-8.963066
